68218
68510
49601
49602
49604
67170
49605
49606
01390
01391
67350
01392
01393
01394
01395
01396
01397
01398
68374
10896
10898
10899
10900
10901
67501
10902
10903
10904
48515
48516
67149
48517
48518
48519
48520
48521
05301
05302
05303
05304
05305
67394
05307
05308
05309
05310
68026
11714
11717
67512
11718
11712
11713
68514
70085
27772
27773
27774
67765
27775
27769
27770
27771
13547
13548
13549
13550
67534
13552
13553
13554
13555
68072
68610
27268
27269
27271
27272
67758
27273
27267
68826
39461
39462
39463
39465
67943
39467
39468
41318
41320
41321
41322
41323
41324
41325
70170
68996
47661
47663
47664
67139
47665
47666
47660
48905
48907
67154
48908
48909
48910
48911
48912
48913
70188
53488
53489
53490
53491
67230
53492
53493
53487
68998
63087
63088
63089
63090
67061
63091
63085
05805
05806
05808
05809
05810
67404
05815
05816
18294
18295
18296
18297
67607
18298
18293
70187
38688
38689
38690
67933
38691
38686
38687
70186
62913
62914
62915
67055
62911
62912
04191
04193
04195
04196
04198
70041
05200
05201
05202
67391
05204
05197
05198
69064
08595
67458
08591
08592
08593
68658
10776
10777
65358
67499
10773
10774
10775
68404
70150
28040
28041
28042
67773
28043
28044
30938
30941
30942
67803
30944
30945
30946